1.82937
1.02798
-0.012246
1.92203
0.964865
0.053126
1.92203
1.02798
-0.012246
1.82937
0.965107
-0.077367
1.92203
1.02798
-0.012246
1.92203
0.965107
-0.077367
1.82937
0.82804
-0.077643
1.82937
0.828072
-0.209695
1.82937
0.702201
-0.207977
1.82937
0.702707
-0.338321
1.82937
0.576515
-0.338153
1.82937
0.576374
-0.468367
1.82937
0.450983
-0.468169
1.82937
0.450838
-0.593696
1.82937
0.330099
-0.593371
1.82937
0.330262
-0.726281
1.82937
0.201609
-0.726452
1.92233
0.201643
-0.72625
1.92203
0.330294
-0.726281
1.92203
0.330116
-0.593371
1.92203
0.450983
-0.468169
1.92203
0.576374
-0.468367
1.92203
0.576515
-0.338153
1.92203
0.702707
-0.338321
1.92203
0.702201
-0.207977
1.92203
0.828072
-0.209695
1.92203
0.82804
-0.077643
1.92203
0.828285
0.05285
1.92203
0.826577
0.179086
1.92203
0.706337
0.179659
1.92203
0.70549
0.311611
1.92203
0.580041
0.310466
1.92203
0.579263
0.440953
1.92203
0.453591
0.441433
1.92203
0.327003
0.572962
1.92203
0.327434
0.701406
1.92233
0.202617
0.701609
1.82937
0.201608
0.701407
1.82937
0.3274
0.701407
1.82937
0.326011
0.57256
1.82937
0.453092
0.572627
1.82937
0.452616
0.441433
1.82937
0.579263
0.440953
1.82937
0.579066
0.310466
1.82937
0.70549
0.311611
1.82937
0.705362
0.179659
1.82937
0.826577
0.179086
1.82937
0.827797
0.05285
1.82937
0.3274
0.701407
1.82937
0.326011
0.57256
1.92203
0.453092
0.572627
1.82937
0.452616
0.441433
1.82937
0.453092
0.572627
1.82937
0.579066
0.310466
1.82937
0.579263
0.440953
1.82937
0.705362
0.179659
1.82937
0.70549
0.311611
1.82937
0.827797
0.05285
1.82937
0.826577
0.179086
1.82937
0.828072
-0.209695
1.82937
0.702707
-0.338321
1.82937
0.576374
-0.468367
1.82937
0.450838
-0.593696
1.92203
0.450838
-0.593696
1.82937
0.330262
-0.726281
1.90743
0.202455
0.701576
1.92203
0.327003
0.572962
1.92203
0.453591
0.441433
1.92203
0.579263
0.440953
1.92203
0.580041
0.310466
1.92203
0.70549
0.311611
1.92203
0.706337
0.179659
1.92203
0.826577
0.179086
1.92203
0.828072
-0.209695
1.92203
0.702707
-0.338321
1.92203
0.576374
-0.468367
1.92203
0.330116
-0.593371
1.82937
0.330262
-0.726281
1.9077
0.201636
-0.726282
1.82937
0.201609
-0.726452
1.92203
0.965107
-0.077367
1.92203
0.964865
0.053126
1.92203
0.890915
-0.012522
1.92203
0.965107
-0.077367
1.82937
0.964864
0.053126
1.82937
0.890915
-0.012522
1.92203
0.828285
0.05285
-1.52394
1.02798
-0.012798
-1.61661
0.964864
-0.07817
-1.61661
1.02798
-0.012798
-1.52394
0.965107
0.052323
-1.61661
1.02798
-0.012798
-1.61661
0.965107
0.052323
0.159624
1.0292
1.33501
0.094992
0.958235
1.42956
0.159625
1.02929
1.42956
0.230982
0.952884
1.42956
0.159625
1.02929
1.42956
0.795881
0.349731
1.33514
0.796428
0.202582
1.41534
0.796428
0.201608
1.33515
-1.52394
0.82804
0.052599
-1.52394
0.828072
0.184651
-1.52394
0.702201
0.182933
-1.52394
0.702707
0.313277
-1.52394
0.576515
0.313108
-1.52394
0.576374
0.443322
-1.52394
0.450983
0.443124
-1.52394
0.450838
0.568652
-1.52394
0.330099
0.568327
-1.52394
0.33026
0.701237
-1.52391
0.202193
0.701372
0.795882
0.34974
1.42969
0.796429
0.202583
1.4297
0.659417
0.351209
1.4297
0.659379
0.509375
1.42967
0.512771
0.510286
1.4297
0.513064
0.663464
1.42966
0.369674
0.665514
1.4297
0.369838
0.818019
1.42964
0.230127
0.819549
1.4297
0.094132
0.822243
1.4297
-0.053368
0.821911
1.42964
-0.053056
0.662691
1.4297
-0.1923
0.661287
1.42966
-0.193002
0.510987
1.4297
-0.336883
0.510276
1.42967
-0.33677
0.355141
1.4297
-0.478096
0.353894
1.42969
-0.477507
0.202583
1.4297
-1.60221
0.202193
0.701372
-1.61661
0.33026
0.701237
-1.61661
0.201608
0.701407
-1.61661
0.330099
0.568327
-1.61661
0.450838
0.568652
-1.61661
0.450983
0.443124
-1.61661
0.576374
0.443322
-1.61661
0.576515
0.313108
-1.61661
0.702707
0.313277
-1.61661
0.702201
0.182933
-1.61661
0.828072
0.184651
-1.61661
0.82804
0.052599
-1.61661
0.827798
-0.077894
-1.61661
0.826577
-0.20413
-1.61661
0.705362
-0.204703
-1.61661
0.70549
-0.336656
-1.61661
0.579066
-0.335511
-1.61661
0.579263
-0.465997
-1.61661
0.452616
-0.466478
-1.61661
0.453092
-0.597671
-1.61661
0.326011
-0.597605
-1.61661
0.327401
-0.726451
-1.61661
0.201609
-0.726452
-0.477603
0.200942
1.33522
-0.478095
0.353884
1.33514
-0.336769
0.354148
1.33515
-0.336881
0.510248
1.33513
-0.192999
0.509975
1.33515
-0.192296
0.661241
1.33512
-0.053051
0.66166
1.33515
-0.053363
0.821845
1.3351
0.094134
0.821189
1.33515
-1.52393
0.202435
-0.726344
-1.52394
0.327401
-0.726451
-1.52394
0.326011
-0.597605
-1.52394
0.453092
-0.597671
-1.52394
0.452616
-0.466478
-1.52394
0.579263
-0.465997
-1.52394
0.579066
-0.335511
-1.52394
0.70549
-0.336656
-1.52394
0.705362
-0.204703
-1.52394
0.826577
-0.20413
-1.52394
0.827797
-0.077894
0.230124
0.818494
1.33515
0.369833
0.817953
1.3351
0.36967
0.664483
1.33515
0.51306
0.663417
1.33511
0.512768
0.509274
1.33515
0.659377
0.509347
1.33513
0.659415
0.350216
1.33515
0.795881
0.349731
1.33514
0.796428
0.201608
1.33515
-0.477604
0.201769
1.41536
-1.52394
0.326011
-0.597605
-1.52394
0.327401
-0.726451
-1.52394
0.452616
-0.466478
-1.52394
0.453092
-0.597671
-1.52394
0.579066
-0.335511
-1.52394
0.579263
-0.465997
-1.52394
0.705362
-0.204703
-1.52394
0.70549
-0.336656
-1.52394
0.827797
-0.077894
-1.52394
0.826577
-0.20413
-1.52394
0.828072
0.184651
-1.52394
0.702707
0.313277
-1.52394
0.576374
0.443322
-1.52394
0.450838
0.568652
-1.52394
0.33026
0.701237
-0.33677
0.355141
1.4297
-0.336883
0.510276
1.42967
-0.193002
0.510987
1.4297
-0.1923
0.661287
1.42966
-0.053056
0.662691
1.4297
-0.053368
0.821911
1.42964
0.369674
0.665514
1.4297
0.512771
0.510286
1.4297
0.659417
0.351209
1.4297
-1.60244
0.202435
-0.726344
-1.61661
0.326011
-0.597605
-1.61661
0.453092
-0.597671
-1.61661
0.452616
-0.466478
-1.61661
0.579263
-0.465997
-1.61661
0.70549
-0.336656
-1.61661
0.826577
-0.20413
-1.61661
0.828072
0.184651
-1.61661
0.702707
0.313277
-1.61661
0.576374
0.443322
-1.61661
0.450838
0.568652
-1.52394
0.33026
0.701237
-1.52391
0.202193
0.701372
-0.336769
0.354148
1.33515
-0.478095
0.353884
1.33514
-0.192999
0.509975
1.33515
-0.336881
0.510248
1.33513
-0.053051
0.66166
1.33515
-0.192296
0.661241
1.33512
0.094134
0.821189
1.33515
-0.053363
0.821845
1.3351
0.230124
0.818494
1.33515
0.36967
0.664483
1.33515
0.512768
0.509274
1.33515
0.659415
0.350216
1.33515
-1.61661
0.965107
0.052323
-1.61661
0.964864
-0.07817
-1.61661
0.890915
-0.012522
-1.61661
0.965107
0.052323
-1.52394
0.890915
-0.012522
-1.52394
0.964864
-0.078171
-1.61661
0.827798
-0.077894
0.159625
1.02929
1.42956
0.159686
0.893306
1.4297
0.230982
0.952884
1.42956
0.230982
0.952799
1.33501
0.230127
0.819549
1.4297
0.094992
0.958151
1.33501
0.159686
0.892238
1.33515
0.094132
0.822243
1.4297
0.094992
0.958235
1.42956
1.90797
0.1858
-0.72625
1.92203
0.314307
-0.593371
1.90767
0.31429
-0.593371
1.90767
0.435175
-0.468169
1.92203
0.435175
-0.468169
1.90767
0.560707
-0.338153
1.92203
0.560707
-0.338153
1.90767
0.686392
-0.207977
1.92203
0.686392
-0.207977
1.90767
0.812231
-0.077643
1.92203
0.812476
0.05285
1.90767
0.690529
0.179659
1.90767
0.812964
0.05285
1.92203
0.690529
0.179659
1.90767
0.564232
0.310466
1.92203
0.564232
0.310466
1.90767
0.437782
0.441433
1.92203
0.311195
0.572962
1.90767
0.311177
0.572962
1.90797
0.186774
0.701609
1.92203
0.875106
-0.012522
1.90767
0.875106
-0.012522
1.92203
0.812231
-0.077643
0.659417
0.3354
1.4297
0.796428
0.186774
1.41534
0.796429
0.186775
1.4297
0.659415
0.335399
1.41534
0.512771
0.494478
1.4297
0.512768
0.494475
1.41534
0.36967
0.649702
1.41534
0.369674
0.649706
1.4297
0.230124
0.803731
1.41534
0.094134
0.806425
1.41534
-0.053056
0.646882
1.4297
-0.053051
0.646878
1.41534
-0.192999
0.495176
1.41534
-0.33677
0.339333
1.4297
-0.336769
0.339331
1.41534
-0.477507
0.186775
1.4297
-0.477506
0.186774
1.41534
-1.60225
0.185799
0.701407
-1.61674
0.31429
0.568861
-1.60225
0.31429
0.568327
-1.61661
0.435175
0.443124
-1.60225
0.435175
0.443124
-1.60225
0.560707
0.313108
-1.61661
0.560707
0.313108
-1.60225
0.686392
0.182933
-1.61661
0.686392
0.182933
-1.60225
0.812231
0.052599
-1.61661
0.811989
-0.077894
-1.60225
0.689554
-0.204703
-1.60225
0.811989
-0.077894
-1.61661
0.689554
-0.204703
-1.60225
0.563258
-0.335511
-1.61661
0.563258
-0.335511
-1.60225
0.436807
-0.466478
-1.61661
0.436807
-0.466478
-1.60225
0.310203
-0.597605
-1.61661
0.1858
-0.726452
-1.61661
0.310203
-0.597605
-1.61661
0.875106
-0.012522
-1.60225
0.875106
-0.012522
-1.61661
0.812231
0.052599
0.159686
0.877483
1.41534
0.094132
0.806435
1.4297
0.230127
0.80374
1.4297
0.159686
0.877497
1.4297
-1.52394
0.327401
-0.726451
-1.60225
0.1858
-0.726452
-1.60225
0.185799
0.701407
1.82937
0.3274
0.701407
1.90797
0.186774
0.701609
1.90797
0.1858
-0.72625
0.26515
0.012553
1.3719
0.408729
-0.360754
1.3719
0.408729
0.012553
1.3719
0.101158
0.012553
1.3719
0.244737
-0.360754
1.3719
0.244737
0.012553
1.3719
-0.068219
0.012553
1.3719
0.07536
-0.360754
1.3719
0.07536
0.012553
1.3719
0.101158
0.181849
1.37482
0.244737
0.03827
1.37482
0.244737
0.181849
1.37482
1.87028
0.012553
0.096142
1.87028
-0.360753
0.245711
1.87028
-0.360753
0.096141
1.87028
0.012553
-0.074693
1.87028
-0.360753
0.074876
1.87028
-0.360753
-0.074693
1.87028
0.012553
-0.251138
1.87028
-0.360753
-0.101568
1.87028
-0.360753
-0.251138
1.87028
0.181849
-0.074693
1.87028
0.03827
0.074877
1.87028
0.03827
-0.074693
1.9082
0.181849
-0.074693
1.87028
0.181849
0.074877
1.87028
0.181849
-0.074693
1.87028
0.03827
-0.074693
1.87028
0.181849
-0.074693
1.90831
0.182183
0.701408
0.813895
0.201608
0.701407
0.813595
0.182182
0.701421
-0.812011
0.581198
1.08624
-1.06105
0.201608
0.845252
-1.04704
0.201608
0.858805
-0.605774
0.182182
1.28581
-0.477506
0.201608
1.14197
-0.605774
0.201608
1.28581
-0.616591
0.182182
1.27534
-0.93278
0.201608
0.701408
-1.06105
0.182182
0.845252
-0.812011
0.581198
1.08624
-0.618403
0.201296
1.27359
-1.0463
0.182417
0.859351
-1.56418
0.012553
0.09614
-1.56417
-0.360753
0.24571
-1.56417
0.012553
0.24571
-1.56417
0.012553
-0.074695
-1.56417
-0.360753
0.074875
-1.56417
0.012553
0.074875
-1.56417
0.012553
-0.251139
-1.56417
-0.360753
-0.101569
-1.56417
0.012553
-0.101569
-1.56161
0.181849
-0.074695
-1.56161
0.03827
0.074875
-1.56161
0.181849
0.074875
-0.876374
-0.615952
0.906361
-0.64461
-0.011982
1.11269
-0.876395
-0.007078
0.906342
-0.477504
0.201607
1.41657
0.101159
0.181849
1.41566
0.159687
0.892316
1.41622
0.408729
0.012553
1.3719
0.408728
-0.360752
1.41469
0.408729
0.012553
1.41503
0.26515
-0.360754
1.3719
0.408728
-0.360752
1.41469
0.408729
-0.360754
1.3719
0.26515
0.012553
1.3719
0.408729
0.012553
1.41503
0.26515
0.012553
1.41525
0.265149
-0.360753
1.41491
0.26515
0.012553
1.41525
0.265149
-0.360753
1.41491
0.244737
0.012553
1.41528
0.244736
-0.360753
1.41494
0.101158
0.012553
1.3719
0.244737
0.012553
1.41528
0.101158
0.012552
1.41551
0.244737
0.012553
1.3719
0.244736
-0.360753
1.41494
0.244737
0.012553
1.41528
0.101157
-0.360753
1.41516
0.101158
0.012552
1.41551
0.244736
-0.360753
1.41494
0.101158
-0.360754
1.3719
0.101157
-0.360753
1.41516
0.07536
0.012552
1.41554
0.101157
-0.360753
1.41516
0.101158
0.012552
1.41551
0.07536
0.012553
1.3719
0.075359
-0.360753
1.4152
0.07536
0.012552
1.41554
-0.06822
-0.360753
1.41542
-0.068219
0.012553
1.3719
-0.068219
0.012552
1.41577
0.075359
-0.360753
1.4152
-0.068219
-0.360754
1.3719
-0.06822
-0.360753
1.41542
0.244737
0.181849
1.37482
0.244737
0.03827
1.41531
0.244737
0.181849
1.41544
0.244737
0.03827
1.41531
0.101158
0.03827
1.37482
0.101158
0.03827
1.41553
0.244737
0.181849
1.41544
0.101158
0.181849
1.37482
0.101158
0.03827
1.41553
0.101159
0.181849
1.41566
0.101158
0.03827
1.41553
0.07536
0.012552
1.41554
1.90809
0.201609
-0.72625
1.90811
0.182182
-0.696743
1.90811
0.182184
-0.726451
1.87028
-0.360753
0.245711
1.9084
0.012553
0.245711
1.90873
-0.360753
0.245711
1.90871
-0.360753
0.096141
1.87028
-0.360753
0.245711
1.87028
0.012553
0.245711
1.90838
0.012553
0.096142
1.87028
-0.360753
0.096141
1.87028
0.012553
0.096142
1.90837
0.012553
0.074876
1.90871
-0.360753
0.096141
1.90871
-0.360753
0.074876
1.87028
0.012553
0.074876
1.90835
0.012553
-0.074693
1.90837
0.012553
0.074876
1.87028
-0.360753
0.074876
1.90871
-0.360753
0.074876
1.87028
-0.360753
-0.074693
1.87028
0.012553
-0.074693
1.87028
-0.360753
0.074876
1.90869
-0.360754
-0.074693
1.87028
-0.360753
-0.074693
1.90868
-0.360754
-0.101568
1.90835
0.012553
-0.074693
1.90869
-0.360754
-0.074693
1.87028
-0.360753
-0.101568
1.90835
0.012553
-0.101568
1.90868
-0.360754
-0.101568
1.87028
-0.360753
-0.251138
1.90833
0.012553
-0.251138
1.87028
0.012553
-0.251138
1.87028
-0.360753
-0.101568
1.90866
-0.360754
-0.251137
1.87028
-0.360753
-0.251138
1.87028
0.03827
0.074877
1.90822
0.181849
0.074877
1.90835
0.03827
0.074877
1.87028
0.03827
0.074877
1.90833
0.03827
-0.074693
1.87028
0.03827
-0.074693
1.90833
0.03827
-0.074693
1.87028
0.012553
-0.101568
1.87028
0.012553
-0.251138
-0.903692
-0.61496
0.692888
-1.60258
0.182182
0.679729
-1.60313
-0.614985
0.679787
-0.60529
0.182183
1.26264
-0.460967
-0.613716
1.10293
-0.462005
0.182258
1.09141
-1.03426
0.182337
0.846161
-0.887964
0.182368
0.68072
-1.60205
0.201609
-0.726452
-1.6023
0.18185
-0.074695
-1.60184
0.890915
-0.012522
1.90902
-0.614985
0.677781
0.793019
0.182537
0.678885
0.788815
-0.61462
0.679051
-1.60108
0.182182
0.701407
-1.60107
0.201608
0.701407
-1.60258
0.182182
0.679729
-1.60262
-0.614985
-0.6963
1.90811
0.182182
-0.696743
1.90883
-0.614985
-0.6963
0.788815
-0.61462
0.679051
0.779502
0.182181
1.41462
0.774241
-0.614867
1.4139
-0.800134
0.581198
1.07294
-1.03504
0.201607
0.845377
-0.607086
0.201296
1.26087
-1.60254
0.012553
0.24571
-1.56417
-0.360753
0.24571
-1.60279
-0.360753
0.24571
-1.60274
-0.360753
0.09614
-1.56418
-0.360753
0.09614
-1.60248
0.012553
0.09614
-1.56417
0.012553
0.24571
-1.60254
0.012553
0.24571
-1.60248
0.012553
0.09614
-1.60274
-0.360753
0.09614
-1.60248
0.012553
0.09614
-1.60273
-0.360753
0.074875
-1.60274
-0.360753
0.09614
-1.60242
0.012553
-0.074695
-1.56417
0.012553
0.074875
-1.60247
0.012553
0.074875
-1.56417
-0.360753
0.074875
-1.60247
0.012553
0.074875
-1.56417
-0.360753
-0.074695
-1.60242
0.012553
-0.074695
-1.60267
-0.360753
-0.074695
-1.60267
-0.360753
-0.074695
-1.60273
-0.360753
0.074875
-1.60241
0.012553
-0.101569
-1.60267
-0.360753
-0.074695
-1.60242
0.012553
-0.074695
-1.60241
0.012553
-0.101569
-1.56417
-0.360753
-0.101569
-1.60266
-0.360753
-0.101569
-1.56417
-0.360753
-0.251139
-1.60235
0.012553
-0.251139
-1.60261
-0.360754
-0.251139
-1.60261
-0.360754
-0.251139
-1.60266
-0.360753
-0.101569
-1.60236
0.18185
0.074875
-1.56161
0.03827
0.074875
-1.60246
0.03827
0.074875
-1.6024
0.03827
-0.074695
-1.60246
0.03827
0.074875
-1.56161
0.181849
0.074875
-1.6023
0.18185
-0.074695
-1.56161
0.181849
-0.074695
-1.56161
0.03827
-0.074695
-1.6023
0.18185
-0.074695
-1.6024
0.03827
-0.074695
-1.60246
0.03827
0.074875
-1.60247
0.012553
0.074875
-1.56417
0.012553
-0.101569
-1.60235
0.012553
-0.251139
-1.56417
0.012553
-0.251139
-0.459562
0.182182
1.41652
-0.461187
-0.614842
1.41579
-0.64461
-0.011982
1.11269
-0.699061
-0.615003
1.17265
-0.699963
-0.011982
1.17098
-0.922224
-0.615566
0.955986
-0.876395
-0.007078
0.906342
-0.922476
-0.007079
0.954939
-0.669179
0.041744
1.09082
-0.723515
0.041744
1.14804
-0.709653
0.078712
1.05478
-0.762346
0.078713
1.11029
-0.759032
0.09253
1.01082
-0.809742
0.09253
1.06426
-0.80878
0.080809
0.966536
-0.857508
0.080809
1.0179
-0.850293
0.045576
0.929579
-0.897384
0.045575
0.979231
1.90757
0.890915
-0.012522
1.90829
0.201608
0.701609
-0.812066
0.599905
1.08619
-0.812066
0.599905
1.08619
-0.108786
0.600485
0.288282
0.813895
0.201608
0.701407
0.159687
0.892316
1.41622
0.796427
0.201608
1.41461
-0.93278
0.201608
0.701408
-1.60184
0.890915
-0.012522
-1.60107
0.201608
0.701407
-0.477506
0.201608
1.14197
0.159687
0.892316
1.41622
-0.108786
0.600485
0.288282
0.159686
0.890915
-0.012522
1.90757
0.890915
-0.012522
1.90809
0.201609
-0.72625
0.779502
0.182181
1.41462
0.813595
0.182182
0.701421
0.796542
0.182183
1.41459
-0.477391
0.182182
1.14197
-0.60529
0.182183
1.26264
-0.462005
0.182258
1.09141
1.90831
0.182182
0.676158
-0.932665
0.182182
0.701408
-1.60258
0.182182
0.679729
-0.887964
0.182368
0.68072
-1.60206
0.182182
-0.726452
1.90811
0.182182
-0.696743
-1.60207
0.182182
-0.697186
-1.03426
0.182337
0.846161
-1.0463
0.182417
0.859351
-1.03504
0.201607
0.845377
-1.03426
0.182337
0.846161
-0.800134
0.581198
1.07294
-0.607086
0.201296
1.26087
-0.800134
0.581198
1.07294
-0.60529
0.182183
1.26264
-0.616591
0.182182
1.27534
-1.60184
0.890915
-0.012522
-1.60205
0.201609
-0.726452
1.90811
0.182184
-0.726451
0.244737
0.181849
1.41544
0.796427
0.201608
1.41461
-0.477389
0.182181
1.41655
0.244737
0.03827
1.41531
-0.068219
0.012552
1.41577
0.26515
0.012553
1.41525
0.408729
0.012553
1.41503
-0.06822
-0.360753
1.41542
0.075359
-0.360753
1.4152
0.408728
-0.360752
1.41469
0.159686
0.890915
-0.012522
-0.108786
0.600485
0.288282
0.159686
0.890915
-0.012522
-1.60206
0.182182
-0.726452
-1.60207
0.182182
-0.697186
-1.60236
0.18185
0.074875
-1.60235
0.012553
-0.251139
-1.6024
0.03827
-0.074695
-1.60254
0.012553
0.24571
-1.60279
-0.360753
0.24571
-1.60261
-0.360754
-0.251139
-1.60262
-0.614985
-0.6963
-1.60266
-0.360753
-0.101569
1.90757
0.890915
-0.012522
1.90822
0.181849
0.074877
1.9082
0.181849
-0.074693
1.90831
0.182182
0.676158
1.90829
0.201608
0.701609
1.9084
0.012553
0.245711
1.90835
0.03827
0.074877
1.90831
0.182183
0.701408
1.90831
0.182182
0.676158
1.90838
0.012553
0.096142
1.90835
0.012553
-0.101568
1.90833
0.012553
-0.251138
1.90873
-0.360753
0.245711
1.90866
-0.360754
-0.251137
1.90883
-0.614985
-0.6963
-0.709653
0.078712
1.05478
-0.759032
0.09253
1.01082
-0.80878
0.080809
0.966536
-0.669179
0.041744
1.09082
-0.850293
0.045576
0.929579
-0.932665
0.182182
0.701408
-0.605221
-0.61392
1.26375
-1.03007
-0.614986
0.851278
-0.477389
0.182181
1.41655
-0.477504
0.201607
1.41657
-0.477391
0.182182
1.14197
-0.459562
0.182182
1.41652
-1.60108
0.182182
0.701407
0.796542
0.182183
1.41459
-0.313649
1.09686
-0.156812
-0.179857
1.09686
0.134084
-0.179857
1.09686
-0.156812
-0.174964
1.0137
0.144724
-0.318543
0.726162
0.144724
-0.174964
0.726162
0.144724
-0.164811
1.04187
0.153921
-0.328696
1.01414
0.153921
-0.164811
1.01414
0.153921
-0.313649
1.09686
0.134084
-0.174964
1.04187
0.144724
-0.179857
1.09686
0.134084
-0.174964
1.01414
-0.167362
-0.164811
1.01414
-0.17665
-0.179857
1.09686
0.134084
-0.174964
1.04187
-0.167452
-0.179857
1.09686
-0.156812
-0.318543
1.01414
-0.167452
-0.174964
0.726065
-0.167452
-0.318543
0.726065
-0.167452
-0.328696
1.04187
-0.17665
-0.164811
1.01414
-0.17665
-0.328696
1.01414
-0.17665
-0.313649
1.09686
-0.156812
-0.174964
1.04187
-0.167452
-0.318543
1.04187
-0.167452
-0.328696
1.04187
0.153921
-0.318543
1.04187
0.144724
-0.313649
1.09686
0.134084
-0.318543
1.01414
0.144724
-0.174964
1.0137
0.144724
-0.318543
1.01414
-0.167452
-0.174964
1.01414
-0.167362
-0.318543
1.01414
-0.167452
-0.318543
1.01414
0.144724
-0.318543
1.04187
0.144724
-0.318543
1.04187
-0.167452
-0.318543
1.04187
0.144724
-0.164811
1.04187
-0.17665
-0.318543
1.04187
-0.167452
-0.174964
1.04187
-0.167452
-0.174964
1.04187
-0.167452
-0.174964
1.04187
0.144724
-0.174964
0.726065
-0.167452
-0.164811
1.04187
-0.17665
1.3861
-0.114884
-1.13643
0.549836
-0.106393
-1.13547
1.38654
-0.106391
-1.13537
0.546592
0.079745
-0.689984
0.548571
0.091525
-0.689993
1.382
-0.614985
-0.689473
1.38203
-0.112507
-1.1318
1.382
0.080866
-0.68988
0.554345
-0.614098
-1.13139
1.38203
-0.614098
-1.13139
0.554345
-0.112507
-1.1319
0.554314
-0.614985
-0.689473
0.554314
0.080866
-0.689983
1.3884
0.079745
-0.68988
1.3861
-0.114884
-1.13643
1.38203
-0.112507
-1.1318
1.382
0.080866
-0.68988
0.554345
-0.112507
-1.1319
1.38203
-0.112507
-1.1318
0.554345
-0.112507
-1.1319
0.548962
-0.114885
-1.13653
1.38774
0.091525
-0.689887
-0.699487
-0.559021
1.17184
-0.87655
-0.559021
0.906199
-0.923236
-0.559021
0.95642
-0.975079
-0.58466
1.01236
-0.751639
-0.558848
1.22742
-0.975388
-0.558848
1.012
-1.02847
-0.615206
1.03982
-0.777297
-0.585163
1.28173
-1.02877
-0.585355
1.03947
-0.751768
-0.58466
1.22736
-0.777297
-0.585163
1.28173
-0.685656
-0.614266
1.18535
-0.685534
-0.584913
1.18541
-1.02877
-0.585355
1.03947
-0.936707
-0.614955
0.943497
-1.02847
-0.615206
1.03982
-0.975079
-0.58466
1.01236
-0.922927
-0.584833
0.956779
-0.937007
-0.585105
0.943149
-0.478095
0.353884
1.33514
1.82937
0.82804
-0.077643
1.82937
0.702201
-0.207977
1.82937
0.576515
-0.338153
1.82937
0.450983
-0.468169
1.82937
0.330099
-0.593371
1.92203
0.453092
0.572627
1.92203
0.702201
-0.207977
1.92203
0.576515
-0.338153
1.92203
0.450983
-0.468169
1.92203
0.450838
-0.593696
1.92203
1.02798
-0.012246
1.92203
0.82804
-0.077643
1.92203
0.964865
0.053126
-1.52394
0.82804
0.052599
-1.52394
0.702201
0.182933
-1.52394
0.576515
0.313108
-1.52394
0.450983
0.443124
-1.52394
0.330099
0.568327
0.369838
0.818019
1.42964
0.513064
0.663464
1.42966
0.659379
0.509375
1.42967
-1.61661
0.579066
-0.335511
-1.61661
0.705362
-0.204703
-1.61661
0.702201
0.182933
-1.61661
0.576515
0.313108
-1.61661
0.450983
0.443124
-1.61661
0.330099
0.568327
0.369833
0.817953
1.3351
0.51306
0.663417
1.33511
0.659377
0.509347
1.33513
0.795881
0.349731
1.33514
-1.61661
1.02798
-0.012798
-1.61661
0.82804
0.052599
-1.61661
0.964864
-0.07817
0.230982
0.952884
1.42956
0.094992
0.958235
1.42956
1.92233
0.185834
-0.72625
1.92203
0.437782
0.441433
1.92233
0.186808
0.701609
-0.193002
0.495179
1.4297
-1.61661
0.185799
0.701407
-1.60225
0.1858
-0.726452
-1.52393
0.202435
-0.726344
-0.477506
0.186774
1.41534
0.796428
0.186774
1.41534
1.82937
0.201608
0.701407
0.26515
-0.360754
1.3719
0.101158
-0.360754
1.3719
-0.068219
-0.360754
1.3719
0.101158
0.03827
1.37482
1.87028
0.012553
0.245711
1.87028
0.012553
0.074876
1.87028
0.012553
-0.101568
1.87028
0.181849
0.074877
-1.56418
-0.360753
0.09614
-1.56417
-0.360753
-0.074695
-1.56417
-0.360753
-0.251139
-1.56161
0.03827
-0.074695
-0.643356
-0.615953
1.11381
0.265149
-0.360753
1.41491
0.244737
-0.360754
1.3719
0.07536
-0.360754
1.3719
0.244737
0.03827
1.37482
0.101159
0.181849
1.41566
-0.068219
0.012552
1.41577
1.87028
0.012553
0.245711
1.87028
-0.360753
0.096141
1.87028
0.012553
0.096142
1.87028
0.012553
-0.074693
1.87028
0.012553
0.074876
1.87028
0.012553
-0.101568
1.87028
0.181849
0.074877
-1.60207
0.182182
-0.697186
0.793019
0.182537
0.678885
-1.60279
-0.360753
0.24571
-1.56418
0.012553
0.09614
-1.56417
0.012553
-0.074695
-1.60273
-0.360753
0.074875
-1.60236
0.18185
0.074875
-1.60241
0.012553
-0.101569
-0.643356
-0.615953
1.11381
-0.876374
-0.615952
0.906361
-0.108786
0.600485
0.288282
0.159686
0.890915
-0.012522
0.793019
0.182537
0.678885
0.793019
0.182537
0.678885
-0.887964
0.182368
0.68072
-0.462005
0.182258
1.09141
-0.318543
1.01414
0.144724
-0.318543
1.04187
0.144724
-0.174964
1.0137
0.144724
-0.174964
1.04187
0.144724
-0.174964
1.01414
-0.167362
-0.179857
1.09686
-0.156812
-0.318543
1.04187
-0.167452
-0.174964
1.04187
0.144724
-0.174964
1.01414
-0.167362
0.548962
-0.114885
-1.13653
0.554314
0.080866
-0.689983
-0.643532
-0.559021
1.11364
-0.751768
-0.58466
1.22736
-0.77742
-0.614517
1.28167
-0.699616
-0.584833
1.17177
-0.77742
-0.614517
1.28167
-0.477603
0.200942
1.33522
-0.227428
1.16651
0.062644
-0.219017
1.09472
0.082949
-0.227428
1.09472
0.062644
-0.247733
1.16651
0.054233
-0.247733
1.09472
0.054233
-0.268038
1.16651
0.062644
-0.247733
1.09472
0.054233
-0.268038
1.09472
0.062644
-0.276449
1.16651
0.082949
-0.276449
1.09472
0.082949
-0.268038
1.16651
0.103254
-0.268038
1.09472
0.103254
-0.247733
1.16651
0.111665
-0.247733
1.09472
0.111665
-0.227428
1.16651
0.103254
-0.227428
1.09472
0.103254
-0.219017
1.16651
0.082949
-0.227428
1.16651
0.103254
-0.219017
1.16651
0.082949
-0.227428
1.16651
-0.031644
-0.219017
1.09472
-0.011339
-0.227428
1.09472
-0.031644
-0.247733
1.16651
-0.040054
-0.247733
1.09472
-0.040054
-0.268038
1.16651
-0.031644
-0.247733
1.09472
-0.040054
-0.268038
1.09472
-0.031644
-0.276449
1.16651
-0.011339
-0.276449
1.09472
-0.011339
-0.268038
1.16651
0.008967
-0.268038
1.09472
0.008967
-0.247733
1.16651
0.017377
-0.247733
1.09472
0.017377
-0.227428
1.16651
0.008967
-0.227428
1.09472
0.008967
-0.219017
1.16651
-0.011339
-0.227428
1.16651
0.008967
-0.219017
1.16651
-0.011339
-0.227428
1.16651
-0.123482
-0.219017
1.09472
-0.103177
-0.227428
1.09472
-0.123482
-0.247733
1.16651
-0.131893
-0.247733
1.09472
-0.131893
-0.268038
1.16651
-0.123482
-0.247733
1.09472
-0.131893
-0.268038
1.09472
-0.123482
-0.276449
1.16651
-0.103177
-0.276449
1.09472
-0.103177
-0.268038
1.16651
-0.082872
-0.268038
1.09472
-0.082872
-0.247733
1.16651
-0.074461
-0.247733
1.09472
-0.074461
-0.227428
1.16651
-0.082872
-0.227428
1.09472
-0.082872
-0.219017
1.16651
-0.103177
-0.227428
1.16651
-0.082872
-0.219017
1.16651
-0.103177
-0.268038
1.16651
-0.082872
-0.227428
1.16651
-0.123482
-0.247733
1.16651
0.017377
-0.268038
1.16651
0.008967
-0.247733
1.16651
-0.040054
-0.227428
1.16651
-0.031644
-0.268038
1.16651
0.103254
-0.227428
1.16651
0.062644
-1.26458
-0.307989
0.853574
-1.31521
-0.375238
0.860368
-1.27023
-0.375238
0.845787
-1.24242
-0.375238
0.807557
-1.26458
-0.307989
0.853574
-1.27023
-0.375238
0.845787
-1.24239
-0.375238
0.76028
-1.23327
-0.307988
0.810535
-1.27016
-0.375238
0.722014
-1.23324
-0.307988
0.757312
-1.3151
-0.307988
0.697755
-1.31511
-0.375238
0.707376
-1.36573
-0.307988
0.71417
-1.36008
-0.375238
0.721957
-1.38789
-0.375238
0.760187
-1.38793
-0.375238
0.807464
-1.39704
-0.307988
0.757209
-1.36582
-0.307989
0.85351
-1.36016
-0.375238
0.84573
-1.26458
-0.2272
0.853574
-1.31521
-0.307989
0.869989
-1.26458
-0.2272
0.853574
-1.23324
-0.2272
0.757312
-1.2645
-0.2272
0.714234
-1.2645
-0.307988
0.714234
-1.3151
-0.2272
0.697755
-1.36573
-0.2272
0.71417
-1.39704
-0.2272
0.757209
-1.39708
-0.2272
0.810432
-1.39708
-0.307988
0.810432
-1.36582
-0.2272
0.85351
-1.31521
-0.2272
0.869989
-1.27023
-0.15995
0.845787
-1.24242
-0.15995
0.807557
-1.23327
-0.2272
0.810535
-1.24239
-0.15995
0.76028
-1.27016
-0.15995
0.722014
-1.31511
-0.15995
0.707376
-1.38789
-0.15995
0.760187
-1.38793
-0.15995
0.807464
-1.36016
-0.15995
0.84573
-1.27023
-0.375238
0.845787
-1.36016
-0.375238
0.84573
-1.38793
-0.375238
0.807464
-1.38789
-0.15995
0.760187
-1.36016
-0.15995
0.84573
-1.31521
-0.15995
0.860368
-1.33705
-0.524468
0.750951
-1.34225
-0.591718
0.801761
-1.34594
-0.591718
0.754629
-1.3716
-0.524468
0.710464
-1.34594
-0.591718
0.754629
-1.37663
-0.591718
0.718666
-1.4226
-0.591718
0.707609
-1.47253
-0.524468
0.718363
-1.46628
-0.591718
0.725682
-1.50036
-0.524468
0.763731
-1.491
-0.591718
0.765981
-1.48731
-0.591718
0.813114
-1.46166
-0.524468
0.857278
-1.45662
-0.591718
0.849077
-1.40991
-0.524468
0.869726
-1.41066
-0.591718
0.860134
-1.36073
-0.524468
0.84938
-1.36697
-0.591718
0.842061
-1.3329
-0.524468
0.804012
-1.33705
-0.44368
0.750951
-1.3716
-0.44368
0.710464
-1.33705
-0.524468
0.750951
-1.42335
-0.44368
0.698017
-1.42335
-0.524468
0.698017
-1.47253
-0.44368
0.718363
-1.50036
-0.44368
0.763731
-1.4962
-0.44368
0.816792
-1.4962
-0.524468
0.816792
-1.46166
-0.44368
0.857278
-1.40991
-0.44368
0.869726
-1.36073
-0.44368
0.84938
-1.3329
-0.44368
0.804012
-1.34594
-0.37643
0.754629
-1.37663
-0.37643
0.718666
-1.33705
-0.44368
0.750951
-1.4226
-0.37643
0.707609
-1.46628
-0.37643
0.725682
-1.48731
-0.37643
0.813114
-1.45662
-0.37643
0.849077
-1.41066
-0.37643
0.860134
-1.36697
-0.37643
0.842061
-1.45662
-0.591718
0.849077
-1.36697
-0.591718
0.842061
-1.41066
-0.591718
0.860134
-1.45662
-0.37643
0.849077
-1.36697
-0.37643
0.842061
-1.34225
-0.37643
0.801762
-1.26548
-0.591718
0.713064
-1.21604
-0.524468
0.700228
-1.21833
-0.591718
0.709573
-1.30975
-0.524468
0.738536
-1.26548
-0.591718
0.713064
-1.30157
-0.591718
0.743601
-1.31282
-0.591718
0.78952
-1.30227
-0.524468
0.839496
-1.29493
-0.591718
0.833282
-1.25473
-0.591718
0.85817
-1.20759
-0.591718
0.854679
-1.25702
-0.524468
0.867515
-1.16332
-0.524468
0.829207
-1.1715
-0.591718
0.824141
-1.15065
-0.524468
0.777512
-1.16025
-0.591718
0.778222
-1.17079
-0.524468
0.728246
-1.17814
-0.591718
0.734461
-1.26912
-0.44368
0.704158
-1.26912
-0.524468
0.704158
-1.30975
-0.44368
0.738536
-1.26912
-0.524468
0.704158
-1.32242
-0.44368
0.790231
-1.32242
-0.524468
0.790231
-1.30227
-0.44368
0.839496
-1.25702
-0.44368
0.867515
-1.20395
-0.44368
0.863584
-1.20395
-0.524468
0.863584
-1.16332
-0.44368
0.829207
-1.15065
-0.44368
0.777512
-1.17079
-0.44368
0.728246
-1.21604
-0.44368
0.700228
-1.26548
-0.37643
0.713064
-1.26548
-0.37643
0.713064
-1.26912
-0.44368
0.704158
-1.31282
-0.37643
0.78952
-1.25473
-0.37643
0.85817
-1.20759
-0.37643
0.854679
-1.1715
-0.37643
0.824142
-1.16025
-0.37643
0.778222
-1.21833
-0.37643
0.709573
-1.25473
-0.591718
0.85817
-1.17814
-0.591718
0.734461
-1.20759
-0.591718
0.854679
-1.25473
-0.37643
0.85817
-1.17814
-0.37643
0.734461
-1.21833
-0.37643
0.709573
-1.27016
-0.15995
0.722014
-1.24242
-0.15995
0.807557
-1.24239
-0.15995
0.76028
-1.31511
-0.15995
0.707376
-1.27023
-0.15995
0.845787
-1.36008
-0.15995
0.721957
-1.46628
-0.37643
0.725682
-1.37663
-0.37643
0.718666
-1.4226
-0.37643
0.707609
-1.48731
-0.37643
0.813114
-1.34594
-0.37643
0.754629
-1.31282
-0.37643
0.78952
-1.26548
-0.37643
0.713064
-1.30157
-0.37643
0.743601
-1.29493
-0.37643
0.833282
-1.16025
-0.37643
0.778222
-1.20759
-0.37643
0.854679
-1.1715
-0.37643
0.824142
-1.46628
-0.591718
0.725682
-1.37663
-0.591718
0.718666
-1.491
-0.591718
0.765981
-1.48731
-0.591718
0.813114
-1.34594
-0.591718
0.754629
-1.31282
-0.591718
0.78952
-1.26548
-0.591718
0.713064
-1.29493
-0.591718
0.833282
-1.21833
-0.591718
0.709573
-1.1715
-0.591718
0.824141
-1.16025
-0.591718
0.778222
-1.24242
-0.375238
0.807557
-1.38789
-0.375238
0.760187
-1.24239
-0.375238
0.76028
-1.36008
-0.375238
0.721957
-1.27016
-0.375238
0.722014
-1.31511
-0.375238
0.707376
-0.247733
1.16651
0.054233
-0.247733
1.16651
-0.040054
-0.247733
1.16651
-0.131893
-0.247733
1.16651
-0.074461
-0.247733
1.16651
-0.131893
-0.247733
1.16651
0.111665
-0.247733
1.16651
0.054233
-1.31521
-0.15995
0.860368
-1.27023
-0.15995
0.845787
-1.36008
-0.15995
0.721957
-1.31521
-0.375238
0.860368
-1.38793
-0.15995
0.807464
-1.34225
-0.37643
0.801762
-1.34594
-0.37643
0.754629
-1.491
-0.37643
0.765981
-1.34225
-0.591718
0.801761
-1.41066
-0.37643
0.860134
-1.30157
-0.37643
0.743601
-1.29493
-0.37643
0.833282
-1.17814
-0.37643
0.734461
-1.491
-0.37643
0.765981
-1.4226
-0.591718
0.707609
-1.30157
-0.591718
0.743601
