0
1
2
3
4
5
6
7
8
8
9
10
10
11
12
12
13
14
14
15
16
17
18
19
20
21
22
22
23
24
24
25
26
27
28
29
29
30
31
31
32
33
34
35
36
37
38
39
39
40
41
41
42
43
43
44
45
45
46
47
48
34
49
50
51
52
32
53
54
30
55
56
28
57
58
59
26
25
60
24
23
61
22
21
62
20
63
64
19
18
36
35
65
66
40
39
42
67
68
44
69
70
46
71
72
73
8
7
74
10
9
75
12
11
13
76
14
77
78
79
80
81
82
83
6
3
84
3
85
86
84
47
82
26
80
87
88
89
90
91
92
93
94
95
96
93
97
98
99
100
101
102
103
103
104
105
105
106
107
107
108
109
109
110
111
99
112
113
114
115
116
116
117
118
118
119
120
121
122
123
123
124
125
125
126
127
127
128
129
130
131
132
133
134
135
135
136
137
137
138
139
139
140
141
142
143
144
144
145
146
146
147
148
148
149
150
150
151
152
153
154
155
155
156
157
157
158
159
159
160
161
162
163
164
164
165
166
166
167
168
168
169
170
170
171
172
173
174
175
175
176
177
177
178
179
179
180
181
129
128
182
151
183
184
149
185
186
147
187
188
145
189
190
143
191
192
193
141
140
194
139
138
195
137
136
196
135
134
197
133
131
156
198
199
158
200
201
160
202
203
174
204
175
176
205
177
178
206
179
152
151
207
165
208
209
167
210
211
168
212
169
170
213
171
214
103
102
215
105
104
216
107
106
217
109
108
218
130
219
128
220
221
126
222
223
124
224
225
122
226
227
119
228
120
117
229
118
115
230
116
112
231
114
232
233
234
235
101
90
101
236
90
236
172
237
238
237
172
239
240
241
242
243
173
244
242
245
246
244
161
247
121
240
240
120
241
233
142
234
234
141
232
242
173
245
245
161
244
3
6
85
85
47
84
90
237
87
248
249
250
249
251
250
252
253
251
254
255
253
256
257
255
258
259
260
261
262
259
263
264
262
264
265
266
265
267
266
268
260
269
268
257
270
271
272
273
274
275
276
275
277
276
278
279
277
280
281
282
281
283
282
283
284
285
285
286
287
288
289
290
290
291
292
291
293
292
294
295
293
296
297
295
298
299
300
301
302
299
303
304
302
305
306
304
307
306
308
309
300
310
309
297
311
312
313
280
314
312
279
309
142
298
315
120
240
268
26
82
316
207
151
152
317
307
131
133
132
132
318
130
182
286
129
112
114
113
273
99
113
319
65
35
320
36
65
18
17
78
17
321
78
27
82
81
63
20
19
50
34
33
322
323
324
325
326
327
328
329
330
331
332
333
334
335
336
337
338
339
340
341
342
343
344
345
346
347
348
349
346
350
351
352
353
354
355
356
357
358
359
359
360
357
361
362
355
359
363
364
356
362
365
366
367
368
369
370
371
372
373
374
375
376
377
378
379
380
381
382
383
384
385
386
387
388
389
390
391
392
393
390
394
395
396
397
398
399
400
401
402
403
404
398
405
406
407
408
409
410
411
412
413
414
415
416
417
418
419
420
421
422
423
424
425
426
427
428
421
429
428
430
396
431
411
432
416
412
433
434
435
436
437
438
439
440
438
441
442
437
443
442
444
445
446
447
448
449
450
451
450
452
453
449
454
455
456
457
458
459
460
461
462
463
464
465
466
467
468
469
470
471
472
473
474
475
476
445
459
465
477
478
479
480
481
482
483
484
479
485
486
487
488
489
490
491
492
493
494
495
496
497
498
499
500
501
502
503
504
505
506
507
508
506
509
510
511
512
509
513
514
515
516
517
518
519
520
521
522
519
523
524
525
521
526
527
528
529
530
531
532
533
534
535
536
532
537
538
539
540
541
540
542
543
544
545
546
547
548
549
550
530
551
552
553
554
555
483
556
557
558
559
560
561
562
563
559
564
565
564
566
567
566
568
569
568
570
571
570
572
561
572
562
573
352
574
358
575
359
361
576
577
578
579
580
581
582
583
584
585
586
587
588
589
590
591
592
593
594
595
353
596
351
597
598
599
600
601
602
362
603
604
605
365
606
356
607
354
608
363
609
610
364
608
594
357
611
612
587
613
587
589
613
600
589
614
382
615
383
555
382
381
615
616
383
381
617
555
500
615
618
619
431
555
409
411
431
618
396
620
618
621
500
555
622
619
556
623
622
500
624
501
556
410
623
501
624
395
501
410
556
501
395
397
585
625
586
626
627
582
487
628
629
629
488
487
630
480
494
488
630
489
630
494
489
631
632
629
550
633
480
528
530
632
550
551
515
634
480
633
629
635
631
636
637
635
634
517
481
517
516
481
636
529
637
529
481
516
638
639
640
433
638
640
640
434
433
641
639
642
638
642
639
643
644
641
642
645
646
647
445
644
476
459
648
476
649
434
641
650
643
490
446
650
434
651
652
652
651
458
490
447
446
490
460
447
652
458
460
653
654
655
655
656
653
657
379
656
658
603
362
485
504
503
485
568
482
566
564
482
485
572
570
485
562
572
564
559
482
559
659
482
660
562
485
568
566
482
584
661
662
663
664
661
665
581
583
616
500
666
580
591
578
667
668
669
670
671
672
673
674
675
676
677
678
675
679
680
681
682
683
684
685
686
687
688
689
690
691
692
671
684
686
687
674
693
667
694
695
675
696
697
698
688
699
674
700
701
673
702
693
703
693
704
705
706
707
673
708
709
710
670
672
673
680
711
712
713
714
713
715
716
717
718
719
720
718
721
722
723
724
714
725
726
727
725
728
729
712
730
731
715
732
714
716
733
734
735
736
737
738
739
740
741
742
743
734
738
744
745
746
747
748
749
750
736
751
739
734
736
741
737
742
746
743
744
752
750
751
289
132
133
753
182
128
0
84
1
3
0
4
48
35
34
50
33
51
32
31
53
30
29
55
28
27
57
59
754
26
60
755
24
61
756
22
62
757
20
64
758
19
66
759
40
42
41
67
44
43
69
46
45
71
73
760
8
74
761
10
75
762
12
13
763
76
77
18
78
80
764
81
83
765
6
84
0
3
86
766
84
87
237
88
90
87
91
93
244
94
96
242
93
98
112
99
151
150
183
149
148
185
147
146
187
145
144
189
143
142
191
193
767
141
194
768
139
195
769
137
196
770
135
197
771
133
156
155
198
158
157
200
160
159
202
174
772
204
176
773
205
178
774
206
165
164
208
167
166
210
168
775
212
170
776
213
214
777
103
215
778
105
216
779
107
217
780
109
218
131
130
128
127
220
126
125
222
124
123
224
122
121
226
119
781
228
117
782
229
115
783
230
112
784
231
232
785
233
235
786
101
238
787
237
239
247
240
242
788
243
244
93
242
246
789
244
90
236
237
248
790
249
249
252
251
252
254
253
254
256
255
256
270
257
258
261
259
261
263
262
263
791
264
264
791
265
265
792
267
268
258
260
268
269
257
271
274
272
274
271
275
275
278
277
278
314
279
280
313
281
281
793
283
283
793
284
285
284
286
288
794
289
290
289
291
291
294
293
294
296
295
296
311
297
298
301
299
301
303
302
303
305
304
305
308
306
307
795
306
309
298
300
309
310
297
312
315
313
314
315
312
309
234
142
315
314
120
268
270
26
316
796
207
152
207
317
132
794
318
182
797
286
273
798
99
319
799
65
320
792
36
17
790
321
322
800
323
325
801
326
328
802
329
331
803
332
334
804
335
337
805
338
340
806
341
343
807
344
346
471
347
349
474
346
351
574
352
354
576
355
357
593
358
359
364
360
361
658
362
359
575
363
356
355
362
366
808
367
369
809
370
372
810
373
375
811
376
378
812
379
384
389
385
387
813
388
390
384
391
393
387
390
395
620
396
398
401
399
401
814
402
404
407
398
406
814
407
409
623
410
412
815
413
415
419
416
418
815
419
421
816
422
424
816
425
427
817
428
429
425
428
396
618
431
432
818
416
436
819
437
439
820
440
441
821
442
443
439
442
445
647
446
448
822
449
451
823
450
453
456
449
455
452
456
458
648
459
461
824
462
464
468
465
467
463
468
470
825
471
473
472
474
476
644
445
465
462
477
479
486
480
482
659
483
479
660
485
490
641
491
496
826
497
499
827
500
505
511
506
508
828
506
510
829
511
509
829
513
515
551
516
518
830
519
521
831
522
523
830
524
521
523
526
528
637
529
531
552
532
534
554
535
532
534
537
539
544
540
540
547
542
544
832
545
547
546
548
550
632
530
552
833
553
555
484
483
557
834
558
560
835
561
563
557
559
565
563
564
567
565
566
569
567
568
571
569
570
561
571
572
573
627
352
358
836
575
361
355
576
578
837
579
581
626
582
584
662
585
590
838
591
593
357
594
353
839
596
597
665
598
600
614
601
605
356
365
356
605
607
608
364
363
610
360
364
600
613
589
555
431
382
500
616
615
619
409
431
618
620
621
555
556
622
500
621
624
501
397
410
629
632
488
630
550
480
631
528
632
550
515
633
634
481
480
629
636
635
529
636
481
640
476
434
641
644
639
643
647
644
476
648
649
641
490
650
434
649
651
490
652
460
655
657
656
657
380
379
658
840
603
485
482
504
485
570
568
559
558
659
660
560
562
584
663
661
663
841
664
665
597
581
580
592
591
667
695
668
670
842
671
673
693
674
676
843
677
675
844
679
681
845
682
684
846
685
687
705
688
690
847
691
671
842
684
687
689
674
667
848
694
675
674
696
698
689
688
674
689
700
673
849
702
703
687
693
705
687
706
673
711
708
710
850
670
673
675
680
712
851
713
713
732
715
717
721
718
720
722
718
722
720
723
714
733
725
727
726
725
729
851
712
731
852
715
714
713
716
734
853
735
737
854
738
740
855
741
743
856
734
744
857
745
747
752
748
750
739
736
739
738
734
741
854
737
746
856
743
752
747
750
289
794
132
753
858
182
294
135
137
311
139
141
309
141
234
296
137
139
291
133
135
298
144
301
301
146
303
303
148
305
305
150
308
308
152
307
284
129
286
793
127
284
281
125
793
313
123
281
315
121
313
314
118
120
278
116
118
275
114
116
271
113
114
265
36
792
791
34
265
263
33
791
261
31
263
258
29
261
268
27
258
270
24
26
256
22
24
254
20
22
252
19
20
249
17
19
859
860
861
862
861
863
864
865
866
867
866
868
869
868
870
871
870
872
873
872
874
875
874
860
864
876
877
878
879
880
881
880
882
883
884
885
886
885
887
888
887
889
890
889
891
892
891
893
894
893
879
883
895
896
897
898
899
900
899
901
902
903
904
905
904
906
907
906
908
909
908
910
911
910
912
913
912
898
902
914
915
916
914
905
917
902
915
918
886
919
920
896
921
922
876
867
923
864
877
924
925
926
927
928
929
930
931
927
932
933
930
934
932
935
936
935
937
938
936
937
939
940
938
941
939
942
925
941
942
943
944
924
931
945
928
946
931
933
947
933
948
949
948
934
950
934
936
951
936
940
952
940
953
954
953
941
955
941
944
956
955
943
957
945
958
959
958
946
960
946
947
961
947
949
950
961
949
962
950
951
963
951
952
964
952
954
955
964
954
965
966
967
968
969
970
971
972
973
974
975
976
977
974
976
978
977
979
980
979
981
982
980
981
983
982
984
985
984
986
987
986
988
989
988
972
990
989
971
991
992
974
993
974
994
995
994
978
996
978
980
997
980
998
999
998
983
1000
983
985
1001
985
987
1002
987
989
1003
1002
990
1004
1005
991
1006
991
993
995
1006
993
996
1007
995
1008
996
997
999
1008
997
1000
1009
999
1001
1010
1000
1002
1011
1001
1012
1013
1014
1015
1016
1017
1018
1019
1020
1021
1022
1023
1024
1021
1023
1025
1024
1026
1027
1025
1026
1028
1029
1027
1030
1028
1031
1032
1031
1033
1034
1033
1035
1020
1034
1035
1036
1019
1037
1038
1039
1021
1040
1021
1041
1042
1041
1025
1043
1025
1029
1044
1029
1045
1046
1045
1030
1047
1030
1032
1048
1032
1034
1049
1034
1019
1050
1049
1036
1038
1051
1052
1053
1038
1040
1042
1053
1040
1054
1042
1043
1055
1043
1044
1056
1044
1046
1047
1056
1046
1048
1057
1047
1058
1048
1049
1059
1060
1061
1062
1063
1064
1065
1066
1067
1068
1069
1066
1070
970
1069
1071
1072
1073
1072
1074
1075
1075
1015
1017
1076
1077
1078
1079
1064
1077
1080
1081
1082
1083
1084
1085
1084
1086
1085
1087
1012
1086
1088
1089
1090
1090
1091
1059
1092
1060
1093
1094
967
1095
1096
1095
1097
1098
1097
1099
294
291
135
311
296
139
309
311
141
296
294
137
291
289
133
298
142
144
301
144
146
303
146
148
305
148
150
308
150
152
284
127
129
793
125
127
281
123
125
313
121
123
315
240
121
314
278
118
278
275
116
275
271
114
271
273
113
265
34
36
791
33
34
263
31
33
261
29
31
258
27
29
268
82
27
270
256
24
256
254
22
254
252
20
252
249
19
249
790
17
859
875
860
862
859
861
864
1100
865
867
864
866
869
867
868
871
869
870
873
871
872
875
873
874
864
867
876
878
894
879
881
878
880
883
1101
884
886
883
885
888
886
887
890
888
889
892
890
891
894
892
893
883
886
895
897
913
898
900
897
899
902
1102
903
905
902
904
907
905
906
909
907
908
911
909
910
913
911
912
902
905
914
916
1103
914
917
1104
902
918
895
886
920
883
896
922
1105
876
923
1106
864
924
944
925
927
931
928
930
933
931
932
948
933
934
948
932
936
934
935
938
940
936
939
953
940
941
953
939
925
944
941
943
955
944
931
958
945
946
958
931
947
946
933
949
947
948
950
949
934
951
950
936
952
951
940
954
952
953
955
954
941
956
1107
955
957
1108
945
959
957
958
960
959
946
961
960
947
950
1109
961
962
1109
950
963
962
951
964
963
952
955
1107
964
965
1110
966
968
1111
969
971
989
972
974
992
975
977
994
974
978
994
977
980
978
979
982
998
980
983
998
982
985
983
984
987
985
986
989
987
988
990
1002
989
991
1005
992
993
991
974
995
993
994
996
995
978
997
996
980
999
997
998
1000
999
983
1001
1000
985
1002
1001
987
1003
1112
1002
1004
1113
1005
1006
1004
991
995
1007
1006
996
1114
1007
1008
1114
996
999
1009
1008
1000
1010
1009
1001
1011
1010
1002
1112
1011
1012
1115
1013
1015
1116
1016
1018
1037
1019
1021
1039
1022
1024
1041
1021
1025
1041
1024
1027
1029
1025
1028
1045
1029
1030
1045
1028
1032
1030
1031
1034
1032
1033
1020
1019
1034
1036
1049
1019
1038
1052
1039
1040
1038
1021
1042
1040
1041
1043
1042
1025
1044
1043
1029
1046
1044
1045
1047
1046
1030
1048
1047
1032
1049
1048
1034
1050
1058
1049
1038
1117
1051
1053
1117
1038
1042
1118
1053
1054
1118
1042
1055
1054
1043
1056
1055
1044
1047
1057
1056
1048
1119
1057
1058
1119
1048
1059
1091
1060
1062
1081
1063
1065
1068
1066
1068
1070
1069
1070
968
970
1071
1120
1072
1072
1120
1074
1075
1074
1015
1076
1079
1077
1079
1062
1064
1080
1063
1081
1083
1121
1084
1084
1087
1086
1087
1115
1012
1088
1122
1089
1090
1089
1091
1092
1061
1060
1094
965
967
1096
1094
1095
1098
1096
1097
