0
1
2
3
2
4
5
6
7
7
8
9
9
10
11
11
12
13
13
14
15
16
17
18
19
20
21
21
22
23
23
24
25
26
27
28
28
29
30
30
31
32
33
34
35
36
37
38
38
39
40
40
41
42
42
43
44
44
45
46
37
33
38
47
40
39
31
42
41
29
44
43
27
46
45
6
25
24
8
23
22
10
21
20
12
19
48
14
18
17
35
34
49
33
39
38
41
32
31
43
30
29
45
28
27
24
7
6
22
9
8
20
11
10
12
18
13
14
50
15
4
1
51
4
5
3
52
3
53
26
52
46
51
25
4
54
55
56
57
56
58
59
60
61
62
59
61
63
64
65
66
67
68
68
69
70
70
71
72
72
73
74
74
75
76
64
77
78
79
80
81
81
82
83
83
84
85
86
87
88
88
89
90
90
91
92
92
93
94
95
96
97
98
99
100
100
101
102
102
103
104
104
105
106
107
108
109
109
110
111
111
112
113
113
114
115
115
116
117
118
119
120
120
121
122
122
123
124
124
125
126
127
128
129
129
130
131
131
132
133
133
134
135
135
136
137
138
139
140
140
141
142
142
143
144
144
63
65
94
93
145
116
129
128
114
131
130
112
133
132
110
135
134
108
137
136
67
106
105
69
104
103
71
102
101
73
100
99
75
98
96
121
92
91
123
90
89
125
88
87
139
83
140
141
81
142
143
79
144
117
116
146
130
115
114
132
113
112
133
110
134
135
108
136
105
68
67
103
70
69
101
72
71
99
74
73
75
95
76
93
120
119
91
122
121
89
124
123
87
126
125
84
138
85
82
140
83
80
142
81
77
144
79
58
55
147
58
66
57
66
148
57
148
137
149
107
149
137
61
150
62
151
85
138
152
151
153
86
152
126
60
86
150
150
85
62
55
107
147
147
106
58
151
138
153
153
126
152
3
5
53
53
46
52
57
149
54
154
155
156
155
157
156
158
159
157
160
161
159
162
163
161
164
165
166
167
168
165
169
170
168
170
171
172
171
173
172
174
166
175
174
163
176
177
178
179
180
181
182
181
183
182
184
185
183
186
187
188
187
189
188
189
190
191
191
192
193
194
195
196
196
197
198
197
199
198
200
201
199
202
203
201
204
205
206
207
208
205
209
210
208
211
212
210
213
212
214
215
206
216
215
203
217
218
219
186
220
218
185
215
107
204
221
85
150
174
25
51
128
146
116
117
222
213
96
98
97
97
194
95
145
192
94
77
79
78
179
64
78
37
49
34
173
35
49
17
16
50
16
154
50
26
51
1
48
19
18
47
33
32
223
224
225
226
227
228
229
230
231
232
233
234
235
236
237
238
239
240
241
242
243
244
245
246
247
248
244
246
247
244
249
250
251
252
253
254
255
256
257
257
258
255
259
260
253
257
252
261
254
260
262
263
264
265
266
267
268
269
270
271
272
273
274
275
276
277
278
279
280
225
281
282
283
281
224
223
282
284
285
223
284
285
286
287
226
286
288
228
287
286
289
226
288
287
290
289
291
289
288
231
292
291
293
229
294
292
295
293
234
296
297
296
298
299
297
232
234
299
232
279
286
299
288
291
229
231
300
301
302
236
303
304
305
236
304
306
307
303
237
307
235
308
305
309
310
311
308
239
308
309
240
311
238
239
312
240
313
311
312
242
314
313
243
315
241
242
316
243
245
317
318
245
319
246
319
308
311
315
320
241
321
322
323
324
325
326
321
327
328
329
330
331
332
333
334
335
336
322
337
301
338
334
339
340
341
342
343
344
264
345
346
264
347
348
265
344
347
348
346
348
349
346
350
268
351
267
351
268
352
350
353
267
353
349
354
353
350
354
270
355
356
357
358
270
358
355
359
273
360
273
361
360
274
330
272
362
330
361
360
350
351
271
357
269
363
325
364
276
365
366
367
277
368
369
366
370
371
370
372
373
372
374
375
374
376
377
376
378
277
378
368
379
250
380
256
381
257
259
381
382
250
280
383
259
331
336
256
280
382
384
379
300
339
251
385
386
324
326
251
387
249
388
322
328
389
301
390
260
327
262
342
262
327
254
341
252
343
252
341
324
261
343
324
255
258
331
384
329
384
300
329
389
300
302
279
297
280
363
279
278
297
383
280
278
391
363
339
297
296
294
299
363
291
288
299
296
286
284
296
282
339
363
293
294
364
292
293
339
281
340
364
289
292
340
281
285
340
289
364
340
285
287
280
384
382
382
384
331
329
389
390
390
330
329
359
322
336
330
359
331
359
336
331
357
361
390
360
344
322
354
350
361
360
351
348
345
322
344
390
358
357
337
355
358
345
346
323
346
349
323
337
353
355
353
323
349
379
317
247
300
379
247
247
301
300
387
317
380
379
380
317
303
318
387
380
249
387
307
308
318
319
311
314
319
315
301
387
304
303
332
305
304
301
316
338
338
316
313
332
309
305
332
312
309
338
313
312
371
373
375
375
369
371
377
276
369
388
327
260
327
343
342
327
374
324
372
370
324
327
378
376
327
368
378
370
366
324
366
392
324
393
368
327
374
372
324
256
391
278
386
363
391
335
259
336
383
339
385
383
251
250
394
395
396
397
398
399
400
401
402
403
404
395
402
405
406
395
407
396
408
409
410
411
406
412
394
407
413
398
408
410
411
401
414
394
415
403
402
416
397
408
406
405
401
408
416
400
415
414
413
414
415
417
413
407
400
407
404
409
397
399
400
406
417
418
419
420
419
421
422
423
424
425
426
424
427
428
429
430
420
431
418
424
431
425
428
418
424
428
421
432
420
422
433
434
435
436
437
438
439
440
441
442
443
434
438
441
444
445
442
446
440
437
436
447
439
434
436
441
437
442
445
443
441
448
437
447
195
97
98
119
145
93
0
52
1
3
0
2
37
34
33
47
32
40
31
30
42
29
28
44
27
26
46
6
5
25
8
7
23
10
9
21
12
11
19
14
13
18
33
47
39
41
40
32
43
42
30
45
44
28
24
23
7
22
21
9
20
19
11
12
48
18
14
17
50
4
2
1
4
25
5
52
0
3
26
1
52
54
149
55
57
54
56
59
152
60
62
151
59
63
77
64
116
115
129
114
113
131
112
111
133
110
109
135
108
107
137
67
66
106
69
68
104
71
70
102
73
72
100
75
74
98
121
120
92
123
122
90
125
124
88
139
84
83
141
82
81
143
80
79
130
129
115
132
131
113
133
111
110
135
109
108
105
104
68
103
102
70
101
100
72
99
98
74
75
96
95
93
92
120
91
90
122
89
88
124
87
86
126
84
139
138
82
141
140
80
143
142
77
63
144
58
56
55
58
106
66
107
55
149
61
60
150
151
62
85
152
59
151
86
60
152
57
148
149
154
449
155
155
158
157
158
160
159
160
162
161
162
176
163
164
167
165
167
169
168
169
450
170
170
450
171
171
451
173
174
164
166
174
175
163
177
180
178
180
177
181
181
184
183
184
220
185
186
219
187
187
452
189
189
452
190
191
190
192
194
453
195
196
195
197
197
200
199
200
202
201
202
217
203
204
207
205
207
209
208
209
211
210
211
214
212
213
222
212
215
204
206
215
216
203
218
221
219
220
221
218
215
147
107
221
220
85
174
176
25
128
127
146
117
146
222
97
453
194
145
193
192
179
178
64
37
36
49
173
451
35
16
449
154
223
283
224
226
290
227
229
295
230
232
298
233
235
306
236
238
310
239
241
320
242
244
248
245
247
317
248
246
319
247
249
380
250
252
381
253
255
386
256
257
261
258
259
388
260
257
381
252
254
253
260
263
347
264
266
352
267
269
356
270
272
362
273
275
454
276
225
224
281
283
285
281
223
225
282
285
283
223
285
284
286
226
228
286
228
227
287
289
290
226
287
227
290
291
292
289
231
230
292
293
295
229
292
230
295
234
233
296
296
233
298
297
279
232
299
298
232
286
296
299
291
294
229
236
306
303
305
237
236
306
235
307
237
305
307
308
307
305
310
238
311
239
310
308
240
312
311
239
309
312
313
314
311
242
320
314
243
316
315
242
313
316
245
248
317
245
318
319
319
318
308
315
314
320
321
328
322
324
392
325
321
393
327
332
387
333
337
390
301
334
333
339
344
265
264
346
345
264
348
263
265
347
263
348
348
351
349
350
266
268
267
349
351
352
266
350
267
352
353
354
355
353
354
271
270
356
269
357
270
356
358
359
274
273
273
362
361
274
359
330
362
272
330
360
361
350
271
354
357
363
326
325
276
454
365
367
275
277
369
276
366
371
369
370
373
371
372
375
373
374
377
375
376
277
377
378
379
384
250
256
382
381
259
253
381
250
384
280
259
382
331
256
278
280
339
333
251
386
255
324
251
333
387
388
335
322
389
302
301
342
254
262
254
342
341
343
261
252
324
258
261
389
329
300
363
299
279
339
383
297
294
291
299
296
284
282
363
364
293
339
282
281
340
287
289
390
361
330
359
360
322
357
354
361
360
348
344
345
323
322
390
337
358
353
337
323
247
319
301
387
318
317
303
307
318
319
314
315
387
332
304
301
315
316
332
338
312
375
377
369
377
277
276
388
328
327
327
324
343
327
376
374
366
365
392
393
367
368
256
386
391
386
326
363
335
388
259
383
385
251
394
403
395
397
416
398
400
414
401
403
415
404
402
397
405
395
404
407
408
405
409
411
417
406
394
396
407
398
416
408
411
412
401
394
413
415
402
401
416
408
412
406
401
412
408
400
404
415
413
411
414
417
411
413
400
417
407
409
405
397
400
402
406
418
432
419
419
432
421
423
427
424
426
428
424
428
426
429
420
433
431
424
418
431
428
432
418
428
430
421
420
419
422
434
455
435
437
443
438
440
456
441
443
457
434
441
456
444
442
448
446
437
439
436
439
438
434
441
443
437
445
457
443
448
442
437
195
453
97
119
118
145
200
100
102
217
104
106
215
106
147
202
102
104
197
98
100
204
109
207
207
111
209
209
113
211
211
115
214
214
117
213
190
94
192
452
92
190
187
90
452
219
88
187
221
86
219
220
83
85
184
81
83
181
79
81
177
78
79
171
35
451
450
33
171
169
32
450
167
30
169
164
28
167
174
26
164
176
23
25
162
21
23
160
19
21
158
18
19
155
16
18
458
459
460
461
460
462
463
462
464
465
464
466
467
466
468
469
468
470
471
470
472
473
472
459
463
471
473
474
475
476
477
476
478
479
478
480
481
480
482
483
482
484
485
484
486
487
486
488
489
488
475
479
487
489
490
491
492
493
492
494
495
494
496
497
496
498
499
498
500
501
500
502
503
502
504
505
504
491
495
503
505
499
503
497
490
495
505
485
481
483
477
489
474
467
471
465
458
463
473
506
507
508
509
506
508
510
511
509
512
513
510
514
512
515
516
515
517
518
516
517
519
520
518
521
519
522
507
521
522
523
524
506
511
523
506
525
511
513
526
513
527
528
527
514
529
514
516
530
516
520
531
520
532
533
532
521
534
521
524
535
534
523
536
523
537
538
537
525
539
525
526
540
526
528
529
540
528
541
529
530
542
530
531
543
531
533
534
543
533
508
522
519
541
543
544
545
546
547
548
547
549
550
548
549
551
550
552
553
552
554
555
553
554
556
555
557
558
557
559
560
559
561
562
561
546
563
562
545
564
545
548
565
548
566
567
566
551
568
551
553
569
553
570
571
570
556
572
556
558
573
558
560
574
560
562
575
574
563
576
563
564
577
564
565
567
577
565
568
578
567
579
568
569
571
579
569
572
580
571
573
581
572
574
582
573
557
561
559
580
582
583
584
585
586
587
584
588
589
587
588
590
589
591
592
590
591
593
594
592
595
593
596
597
596
598
599
598
600
586
599
600
601
585
602
603
602
587
604
587
605
606
605
590
607
590
594
608
594
609
610
609
595
611
595
597
612
597
599
613
599
585
614
613
601
603
614
601
615
603
604
606
615
604
616
606
607
617
607
608
618
608
610
611
618
610
612
619
611
620
612
613
592
600
593
616
621
620
539
536
538
540
535
536
622
544
535
578
576
577
576
579
575
575
580
583
615
614
623
624
620
614
619
617
618
552
549
554
549
555
554
547
557
555
589
584
591
591
586
592
596
600
598
509
519
518
510
518
517
512
517
515
200
197
100
217
202
104
215
217
106
202
200
102
197
195
98
204
107
109
207
109
111
209
111
113
211
113
115
214
115
117
190
92
94
452
90
92
187
88
90
219
86
88
221
150
86
220
184
83
184
181
81
181
177
79
177
179
78
171
33
35
450
32
33
169
30
32
167
28
30
164
26
28
174
51
26
176
162
23
162
160
21
160
158
19
158
155
18
155
449
16
458
473
459
461
458
460
463
461
462
465
463
464
467
465
466
469
467
468
471
469
470
473
471
472
463
465
471
474
489
475
477
474
476
479
477
478
481
479
480
483
481
482
485
483
484
487
485
486
489
487
488
479
481
487
490
505
491
493
490
492
495
493
494
497
495
496
499
497
498
501
499
500
503
501
502
505
503
504
495
497
503
499
501
503
490
493
495
485
487
481
477
479
489
467
469
471
458
461
463
506
524
507
509
511
506
510
513
511
512
527
513
514
527
512
516
514
515
518
520
516
519
532
520
521
532
519
507
524
521
523
534
524
511
537
523
525
537
511
526
525
513
528
526
527
529
528
514
530
529
516
531
530
520
533
531
532
534
533
521
535
544
534
536
535
523
538
536
537
539
538
525
540
539
526
529
622
540
541
622
529
542
541
530
543
542
531
534
544
543
508
507
522
541
542
543
545
562
546
548
545
547
550
566
548
551
566
550
553
551
552
555
570
553
556
570
555
558
556
557
560
558
559
562
560
561
563
574
562
564
563
545
565
564
548
567
565
566
568
567
551
569
568
553
571
569
570
572
571
556
573
572
558
574
573
560
575
583
574
576
575
563
577
576
564
567
578
577
568
625
578
579
625
568
571
580
579
572
581
580
573
582
581
574
583
582
557
546
561
580
581
582
584
602
585
587
602
584
589
605
587
590
605
589
592
594
590
593
609
594
595
609
593
597
595
596
599
597
598
586
585
599
601
613
585
603
601
602
604
603
587
606
604
605
607
606
590
608
607
594
610
608
609
611
610
595
612
611
597
613
612
599
614
620
613
603
623
614
615
623
603
606
624
615
616
624
606
617
616
607
618
617
608
611
619
618
612
621
619
620
621
612
592
586
600
616
617
621
539
540
536
540
622
535
622
541
544
578
625
576
576
625
579
575
579
580
615
624
614
624
616
620
619
621
617
552
550
549
549
547
555
547
546
557
589
588
584
591
584
586
596
593
600
509
508
519
510
509
518
512
510
517
